2356 4
2061 5
1830 6
1661 7
1500 8
1384 9
1282 10
1208 11
1143 12
1078 13
1021 14
977 15
936 16
901 17
865 18
834 19
803 20
782 21
758 22
735 23
718 24
698 25
683 26
666 27
652 28
639 29
625 30
613 31
602 32
592 33
580 34
571 35
563 36
546 38
530 40
516 42
505 44
492 46
472 50
463 52
455 54
447 56
440 58
432 60
427 62
420 64
415 66
410 68
404 70
400 72
396 74
392 76
388 78
384 80
380 82
377 84
374 86
370 88
368 90
364 92
362 94
358 96
348 99
344 102
351 105
338 108
334 112
331 115
329 118
326 120
324 123
322 126
319 129
318 132
316 135
313 138
311 141
310 144
308 147
306 150
305 153
303 156
301 159
300 162
299 165
298 168
296 171
295 174
294 177
292 178
